80.2669886441256 92.22764969284536 10.973152111814457 85.86199676173358 18.222917006718838 16.091888101917018 48.287262029444115 56.431384995717345 12.494578484387711 14.418225027691811 14.950400393706225 92.35829937392262 45.86661782354094 49.00783207258615 13.887205094577949 9.147628819478511 89.46636041209455 84.26481321113721 88.93641136419546 78.10530875680523 
80.2669886441256 92.25731561060765 10.947955965599965 85.86199676173358 32.60508894858464 16.091888101917018 48.287262029444115 56.431384995717345 12.105891975661732 14.401487015097215 14.992428235378217 94.33943800644681 45.86661782354094 49.81201371394828 12.921868591814244 7.485253320442901 89.46636041209455 84.26481321113721 88.93641136419546 78.10530875680523 
80.2669886441256 91.09478319737265 10.973152111814457 85.86199676173358 18.222917006718838 42.67056208198689 48.287262029444115 56.431384995717345 12.494578484387711 10.888445362503257 14.950400393706225 92.35829937392262 34.51337273641691 49.00783207258615 13.323554968212918 14.517637612795859 89.46636041209455 84.26481321113721 88.99000247504294 78.01672652879341 
80.2669886441256 92.22764969284536 10.973152111814457 85.86199676173358 18.222917006718838 16.091888101917018 48.287262029444115 56.431384995717345 12.494578484387711 14.418225027691811 14.950400393706225 92.35829937392262 45.86661782354094 49.00783207258615 13.887205094577949 9.147628819478511 89.46636041209455 84.26481321113721 88.93641136419546 78.10530875680523 
80.2669886441256 92.22764969284536 12.660919465559033 86.16017325204761 18.222917006718838 16.091888101917018 47.041947691225715 56.431384995717345 12.494578484387711 14.418225027691811 14.950400393706225 92.35829937392262 45.86235359153858 49.00783207258615 13.887205094577949 11.291092359335241 89.46636041209455 84.26481321113721 93.22437291636112 78.10657799790917 
80.2669886441256 91.09478319737265 10.973152111814457 85.86199676173358 18.222917006718838 16.058372523186293 48.287262029444115 56.431384995717345 12.494578484387711 10.760057572181065 14.950400393706225 92.35829937392262 34.535901479679595 49.00783207258615 13.323554968212918 14.517637612795859 89.46636041209455 84.26481321113721 88.99000247504294 78.01672652879341 
80.31777245983051 92.22764969284536 12.660919465559033 86.80438339876991 18.21617868452411 16.091888101917018 46.99431459838934 55.321866651467474 8.643969627142301 14.418225027691811 14.950400393706225 92.35829937392262 45.86235359153858 49.00783207258615 13.887205094577949 11.291092359335241 88.97060291968444 83.75607509193371 90.88952532165503 78.10657799790917 
80.2669886441256 92.22764969284536 10.973152111814457 85.86199676173358 18.222917006718838 16.091888101917018 48.287262029444115 56.431384995717345 12.494578484387711 14.418225027691811 14.950400393706225 92.35829937392262 45.86661782354094 48.943740998364795 13.887205094577949 9.147628819478511 89.46636041209455 84.26481321113721 88.93641136419546 78.10530875680523 
80.2669886441256 91.09478319737265 10.973152111814457 85.86199676173358 18.222917006718838 42.67056208198689 48.287262029444115 56.431384995717345 12.494578484387711 10.888445362503257 14.950400393706225 92.35829937392262 34.51337273641691 49.00783207258615 13.323554968212918 14.517637612795859 89.46636041209455 84.26481321113721 88.99000247504294 78.01672652879341 
80.73550154795718 92.22738429341577 10.947955965599965 85.86199676173358 32.60508894858464 16.091888101917018 48.287262029444115 56.431384995717345 12.487759622654412 14.402608272414405 14.952871186057061 94.33943800644681 45.86661782354094 49.79367894562915 12.921868591814244 9.160752140515031 89.46636041209455 84.26481321113721 88.93641136419546 78.10530875680523 
80.26579375367133 92.22764969284536 10.973152111814457 85.86199676173358 18.222917006718838 16.091888101917018 48.274033631148974 55.36959771105362 12.494578484387711 14.418225027691811 14.950400393706225 92.35829937392262 45.86223027535711 48.943740998364795 13.887205094577949 9.080930690681086 89.46636041209455 84.26481321113721 88.93641136419546 78.10530875680523 
80.31896735028478 92.22764969284536 12.660919465559033 86.80438339876991 18.21617868452411 16.091888101917018 47.007542996684485 56.38365393613119 8.643969627142301 14.418225027691811 14.950400393706225 92.35829937392262 40.68494438014976 49.00783207258615 13.887205094577949 11.357790488132665 88.97060291968444 83.75607509193371 90.88952532165503 78.10657799790917 
80.2669886441256 91.09626849510255 10.973152111814457 85.86199676173358 18.222917006718838 16.059196944966505 48.287262029444115 56.431384995717345 12.494578484387711 14.455702968530721 14.950400393706225 92.35829937392262 34.87947174125437 49.00783207258615 13.91862489811423 14.6490418231733 89.46636041209455 84.26481321113721 88.93686939490644 78.10263768130211 
80.2669886441256 92.22616439511546 10.973152111814457 88.690322006634 18.222917006718838 16.09106368013681 48.287262029444115 56.431384995717345 12.494578484387711 10.722579631342155 14.950400393706225 93.11955265139802 45.52304756196617 49.00783207258615 13.292135164676639 9.01622460910108 89.46636041209455 84.26481321113721 88.98954444433198 78.01939760429654 
80.2669886441256 92.22616439511546 10.973152111814457 88.690322006634 14.061880488008933 16.046611480768128 48.00241118445283 56.431384995717345 12.494578484387711 10.722579631342155 14.950400393706225 93.21568704443797 45.502143947277084 49.83147492528964 11.81838884254291 9.01622460910108 89.46636041209455 84.26481321113721 90.78885367022356 78.01939760429654 
80.2669886441256 91.09478319737265 10.973152111814457 85.86199676173358 18.222917006718838 16.093267173580852 48.287262029444115 56.431384995717345 12.494578484387711 10.760057572181065 14.950400393706225 92.35829937392262 45.941910783087565 49.00783207258615 13.323554968212918 14.517637612795859 89.46636041209455 84.26481321113721 95.2733634929619 78.01712728106952 
80.32068710633895 92.22764969284536 9.882475227700219 86.80438339876991 18.21617868452411 45.240445323611794 47.007542996684485 56.38365393613119 8.643969627142301 14.828568553032307 15.75647257972811 9.997775321804227 40.68494438014976 49.00783207258615 13.887205094577949 92.97329757592328 86.27065633876109 83.74609756897216 43.3725537331767 78.10657799790917 
80.31777245983051 92.22764969284536 12.660919465559033 85.87182329241062 18.21611687444543 16.091888101917018 46.99431459838934 55.321866651467474 8.643969627142301 14.418225027691811 15.350392697660759 92.35829937392262 45.86235359153858 48.94518419390588 13.887205094577949 9.158381395529238 89.47129333698912 83.75607509193371 90.97309961304084 78.10657799790917 
80.2669886441256 92.1643900934321 10.973152111814457 85.86199676173358 18.222917006718838 16.059397408219503 48.287262029444115 56.431384995717345 12.494578484387711 10.630325008030889 14.217240469091902 92.35829937392262 45.82804895411305 49.00783207258615 4.881244028610251 14.517637612795859 89.46636041209455 84.26481321113721 88.99000247504294 78.01672652879341 
80.2669886441256 91.10898056558491 12.660919465559033 86.16017325204761 18.222917006718838 16.091888101917018 47.02256874729039 56.431384995717345 12.494578484387711 14.418225027691811 14.950400393706225 92.35829937392262 45.86235359153858 49.00783207258615 13.906484230206559 11.291092359335241 89.46636041209455 84.26481321113721 93.22437291636112 78.10819608192497 
80.2669886441256 92.2134523246331 10.973152111814457 85.86199676173358 18.222917006718838 42.67056208198689 48.306640973379444 56.431384995717345 12.494578484387711 10.888445362503257 14.950400393706225 92.35829937392262 34.51337273641691 49.00783207258615 13.30427583258431 14.517637612795859 89.46636041209455 84.26481321113721 88.99000247504294 78.01510844477761 
80.2669886441256 92.22764969284536 12.660919465559033 85.86682734505825 18.222917006718838 16.091888101917018 47.0289984885519 52.41672212858874 12.494578484387711 14.418225027691811 14.950400393706225 92.35829937392262 45.86682775094797 49.00246080770094 13.887205094577949 11.291092359335241 89.46636041209455 84.26481321113721 88.75940105173731 78.10657799790917 
80.2669886441256 92.22616439511546 12.348185902956878 85.85619600903964 18.222917006718838 16.093254038952118 48.287262029444115 56.431384995717345 11.121462307325173 10.722704144142806 14.950400393706225 93.11955265139802 45.52304756196617 49.00783207258615 13.323374456631248 9.01622460910108 89.46636041209455 84.26481321113721 88.92551329904187 78.01939760429654 
80.2669886441256 91.09478319737265 10.973152111814457 88.69612275932793 18.222917006718838 16.091076814765543 48.287262029444115 56.431384995717345 12.494578484387711 10.759933059380412 14.950400393706225 92.35829937392262 45.941910783087565 49.00783207258615 13.292315676258307 14.517637612795859 89.46636041209455 84.26481321113721 95.33739463758702 78.01712728106952 
80.32068710633895 92.22764969284536 9.91440290380656 86.80438339876991 18.21617868452411 15.999775782142967 47.007542996684485 56.38365393613119 8.643969627142301 14.829046793276035 15.75647257972811 9.997775321804227 40.68494438014976 49.00783207258615 13.887205094577949 92.97329757592328 89.01426939115018 83.74609756897216 43.83007997565131 78.10657799790917 
80.30021322505088 92.1643900934321 10.973037171647391 85.86199676173358 13.910953170023388 16.059397408219503 48.286796769934185 56.42965159691001 12.494578484387711 16.09820746730292 15.022855526945932 92.35411741840362 45.82804895411305 49.00783207258615 7.175329710235525 14.592455772735068 89.45135503997888 84.03696400112476 88.99000247504294 78.01672652879341 
84.46253445713974 92.22721972565897 12.660919465559033 85.87182329241062 18.21611687444543 16.04456411243739 47.98478880246769 52.17554899118066 8.643969627142301 14.333895934445854 15.350392697660759 87.11945621307359 39.55048935864473 48.94518419390588 13.887205094577949 9.130178492461589 89.67972137628459 83.75607509193371 90.97309961304084 78.10657799790917 
80.2669886441256 92.22764969284536 12.761489042865218 85.86199676173358 18.222917006718838 16.57694878393358 48.287262029444115 56.431384995717345 12.494578484387711 10.884939934515348 12.632213570494871 92.35829937392262 45.897481282075226 49.00783207258615 13.893626826279194 9.243884946314964 89.46636041209455 84.26481321113721 88.93641136419546 78.10530875680523 
80.2669886441256 92.2134523246331 10.973152111814457 85.86199676173358 18.222917006718838 42.18550141767987 48.306640973379444 56.431384995717345 12.494578484387711 14.421730455679718 14.950400393706225 92.35829937392262 34.482509277882635 49.00783207258615 13.297854100883066 14.42138148595941 89.46636041209455 84.26481321113721 88.99000247504294 78.01510844477761 
80.2669886441256 92.25731561060765 10.947955965599965 85.86199676173358 14.102795323084377 16.091541244891346 48.020438320715165 56.431384995717345 12.509081329357977 14.259694879015134 14.992428235378217 94.33943800644681 45.87346945393696 49.81201371394828 12.921868591814244 8.997155035399938 89.46636041209455 84.26481321113721 88.93641136419546 78.02073498394303 
80.2669886441256 92.22616439511546 10.973152111814457 88.690322006634 32.56417411434994 16.046958337793797 48.26923489318178 56.431384995717345 12.091389130691466 10.864371767424236 13.820906191146092 93.21568704443797 45.49529231688106 49.83147492528964 11.81838884254291 7.5043228941440425 89.46636041209455 84.26481321113721 90.78885367022356 78.10397137715874 
80.2669886441256 92.1643900934321 10.973152111814457 85.86199676173358 18.222917006718838 16.059397408219503 48.287262029444115 56.431384995717345 12.494578484387711 10.630325008030889 14.217240469091902 92.35829937392262 45.82804895411305 49.00783207258615 4.881244028610251 14.517637612795859 89.46636041209455 84.26481321113721 88.99000247504294 78.01672652879341 
84.91626690440962 92.22010566314465 10.973152111814457 88.690322006634 18.222917006718838 11.101750691526892 48.287262029444115 56.431384995717345 9.52204737368838 10.941265116302478 14.950400393706225 93.11955265139802 45.50678123854714 49.01841609242098 11.74752958977779 9.01622460910108 89.46636041209455 84.26481321113721 88.98954444433198 78.01939760429654 
80.31777245983051 92.18887490612676 12.660919465559033 85.86191993775661 18.21611687444543 42.549983680885894 47.013172653308835 55.330280192914316 8.643969627142301 14.418225027691811 15.350392697660759 92.35829937392262 33.851984691991476 49.00497076670241 13.887205094577949 14.720352185536601 89.47129333698912 84.26196621364646 90.97309961304084 78.10585023288367 
80.2669886441256 92.22322845531073 12.79098447625286 85.86199676173358 18.222917006718838 15.093727436586763 47.91762694146786 56.431384995717345 12.494578484387711 10.888445362503257 11.669140815961683 92.2605223324478 34.51337273641691 48.75938186930712 13.323554968212918 14.484188149833999 89.46636041209455 84.26481321113721 88.99000247504294 78.04729300029524 
80.26579375367133 92.22764969284536 10.973152111814457 85.86199676173358 18.222917006718838 16.091888101917018 48.274033631148974 55.36959771105362 12.494578484387711 14.418225027691811 14.950400393706225 92.35829937392262 45.86223027535711 48.943740998364795 13.887205094577949 19.086819693806287 89.46636041209455 84.26481321113721 88.93641136419546 78.10530875680523 
80.2669886441256 92.22764969284536 10.973152111814457 85.86199676173358 18.222917006718838 16.091888101917018 48.287262029444115 56.431384995717345 12.494578484387711 14.418225027691811 14.950400393706225 92.35829937392262 45.86661782354094 48.943740998364795 13.887205094577949 9.147628819478511 89.46636041209455 84.26481321113721 88.93641136419546 78.10530875680523 
80.2669886441256 92.16379023862915 12.777356653937924 85.86199676173358 18.222917006718838 16.57694878393358 48.287262029444115 56.431384995717345 12.494578484387711 10.767937577163687 12.632213570494871 92.35829937392262 45.897481282075226 49.00783207258615 13.893626826279194 9.243884946314964 89.46636041209455 84.26481321113721 95.28741011682742 78.10530875680523 
80.2669886441256 91.15864265158886 10.957284500741752 85.86199676173358 18.222917006718838 16.093267173580852 48.287262029444115 56.431384995717345 12.494578484387711 10.877059929532725 10.856228285263274 92.35829937392262 45.941910783087565 49.00783207258615 13.323554968212918 14.517637612795859 89.46636041209455 84.26481321113721 88.92236473990326 78.01712728106952 
80.2669886441256 92.22721783543813 10.85318826963329 86.47997378506011 18.222917006718838 16.091888101917018 47.98387149618758 56.15133914521452 12.494578484387711 14.418980460975432 15.334449101854448 87.21438320428564 46.07869394536618 49.00783207258615 13.887205094577949 9.13036204196675 89.46636041209455 84.26481321113721 95.19712975588115 78.10530875680523 
84.46253445713974 92.2276515830662 12.7808833077402 85.87188181439863 18.21611687444543 16.04456411243739 48.288179335724216 52.45559484168349 8.643969627142301 14.333140501162235 17.81074741072452 92.26337238271054 39.33841323681949 48.94518419390588 13.887205094577949 9.147445269973352 89.67972137628459 83.75607509193371 88.89888072860917 78.10657799790917 
80.2669886441256 91.11263249584734 12.348185902956878 85.86208239075198 18.222917006718838 14.579649320537138 48.287262029444115 56.431384995717345 12.493924197821245 10.723220288829912 14.950400393706225 93.11955265139802 45.709988827059206 49.00783207258615 13.323374930714294 8.944599201785799 89.46636041209455 84.26481321113721 88.92551329904187 78.01676205313593 
80.2669886441256 92.20831509664076 10.973152111814457 85.85611038002124 18.222917006718838 43.03695647930595 48.287262029444115 56.431384995717345 11.122116593891638 10.887929217816152 14.950400393706225 96.02438370171969 34.326431471323886 49.00783207258615 13.323554494129873 14.589263020111149 89.46636041209455 84.26481321113721 88.99000247504294 78.01936207995404 
80.2669886441256 92.22352478212828 12.79098447625286 85.86199676173358 18.222917006718838 15.093727436586763 47.91762694146786 56.431384995717345 12.494578484387711 10.930377227289384 11.669140815961683 92.25716630999558 34.51337273641691 48.75938186930712 13.323554968212918 14.484188149833999 89.46636041209455 84.26481321113721 88.99000247504294 78.04743697011834 
80.2669886441256 92.25731561060765 10.943541497701831 85.86199676173358 18.017405246520763 16.09154072118665 48.020438320715165 56.37888331933973 12.494814141458466 14.259694879015134 14.949896310027563 94.33943800644681 45.87346945393696 49.81201371394828 12.921868591814244 8.997155035399938 89.46636041209455 84.26481321113721 88.76563937693383 78.02073498394303 
80.2669886441256 92.22764969284536 12.665333933457168 85.86682734505825 14.308307083282454 16.091888625621717 47.0289984885519 52.469223804966354 12.508845672287222 14.418225027691811 14.992932319056878 92.35829937392262 45.86682775094797 49.00246080770094 13.887205094577949 11.291092359335241 89.46636041209455 84.26481321113721 88.93017303899894 78.10657799790917 
80.2669886441256 91.09626849510255 10.973152111814457 85.86199676173358 18.222917006718838 16.059196944966505 48.287262029444115 56.431384995717345 12.494578484387711 14.455702968530721 14.950400393706225 92.35829937392262 34.87947174125437 49.00783207258615 13.91862489811423 14.6490418231733 89.46636041209455 84.26481321113721 88.93686939490644 78.10263768130211 
84.91626690440962 92.22010566314465 10.973152111814457 88.690322006634 18.222917006718838 11.101750691526892 48.287262029444115 56.431384995717345 9.52204737368838 10.941265116302478 14.950400393706225 93.11955265139802 45.50678123854714 49.01841609242098 11.74752958977779 8.76250506787191 89.46636041209455 83.5711291914611 88.98954444433198 78.01939760429654 
80.2669886441256 91.09478319737265 10.973152111814457 85.86199676173358 18.222917006718838 16.058372523186293 48.287262029444115 56.431384995717345 12.494578484387711 10.760057572181065 14.950400393706225 92.35829937392262 34.535901479679595 49.00783207258615 13.323554968212918 14.517637612795859 89.46636041209455 84.26481321113721 88.99000247504294 78.01672652879341 
80.2669886441256 91.09478319737265 10.973152111814457 88.69612275932793 18.222917006718838 16.091076814765543 48.287262029444115 56.431384995717345 12.494578484387711 10.759933059380412 14.950400393706225 92.35829937392262 45.941910783087565 49.00783207258615 13.292315676258307 14.517637612795859 89.46636041209455 84.26481321113721 95.33739463758702 76.92053066324146 
80.73550154795718 92.22738429341577 10.947955965599965 85.86199676173358 32.60508894858464 16.091888101917018 48.287262029444115 56.431384995717345 12.487759622654412 14.402608272414405 14.952871186057061 8.87283776750835 45.56677474568246 49.79461404698319 12.921868591814244 93.38097523357607 89.46636041209455 84.26481321113721 43.60783323050515 78.10659187803158 
80.32068710633895 92.22764969284536 9.882475227700219 86.80438339876991 18.21617868452411 45.240445323611794 47.007542996684485 56.38365393613119 8.643969627142301 14.828568553032307 15.75647257972811 95.31717894004838 40.98478745800825 49.006896971232116 13.887205094577949 8.718740074323911 86.27065633876109 83.74609756897216 88.7010001219893 78.1052948766828 
80.31777245983051 92.22614513765531 12.660919465559033 88.70441776029035 18.21611687444543 42.549983680885894 47.007597230801274 55.330280192914316 12.077223935368545 14.418225027691811 15.350392697660759 93.23032151456917 45.87291045940526 47.4623447136017 13.887205094577949 14.759968218859603 89.47129333698912 84.2648538103812 90.97545663029673 78.10585023288367 
80.2669886441256 92.18889416358691 10.973152111814457 85.84782418410028 32.56417411434994 16.046958337793797 48.274810315689344 56.431384995717345 8.65813482246522 10.864371767424236 23.946498771679586 92.34366490379142 33.47436654946728 49.83147492528964 11.81838884254291 7.4647068608282865 89.46636041209455 84.26192561440249 90.78649665296767 78.10397137715874 
80.26794061983703 92.22762960110312 12.660919465559033 88.73787300677435 18.21617868452411 13.48305374204075 47.007542996684485 56.38317665914279 8.643969627142301 14.124188153064843 14.950400393706225 93.20249437110326 45.469876990796394 49.00783207258615 13.887205094577949 11.357790488132665 88.97060291968444 84.25816666939866 88.88846309941593 78.01739251696267 
80.31801537457333 92.22618448685772 10.973152111814457 86.75683239862957 18.222917006718838 16.09106505798379 48.287262029444115 56.43186227270574 12.494578484387711 10.722579631342155 14.950400393706225 92.2753576542174 40.738114951319545 49.00783207258615 13.292135164676639 9.01622460910108 89.46636041209455 83.76272163367227 90.9906066665711 78.10858308524303 
80.2670184801499 92.22764969284536 10.973152111814457 85.86199676173358 18.222917006718838 16.091888101917018 48.2741962689198 46.51460674356029 12.494578484387711 14.418225027691811 14.950400393706225 92.35829937392262 45.86661782354094 49.007061297128 13.887205094577949 9.147628819478511 89.46636041209455 84.26481321113721 88.93641136419546 78.10530875680523 
80.50087563772523 92.22764969284536 14.37883763064546 85.86199676173358 18.222917006718838 16.091888101917018 48.28709939167329 55.36959771105362 12.494578484387711 14.418225027691811 14.950400393706225 92.35829937392262 45.86223027535711 48.944511773822946 13.887205094577949 9.080930690681086 89.46636041209455 84.26481321113721 88.93641136419546 78.10530875680523 
84.91626690440962 92.22010566314465 18.936368464637034 91.30310083901907 18.222917006718838 16.10399389314545 48.287262029444115 56.431384995717345 9.597763847752134 10.941265116302478 14.950400393706225 93.11955265139802 44.41876430232712 49.01841609242098 11.656490261480862 9.01622460910108 89.46636041209455 86.13445614307221 88.98954444433198 78.01939760429654 
80.2669886441256 92.22764969284536 10.973152111814457 85.86199676173358 18.222917006718838 19.297181784335585 48.287262029444115 56.431384995717345 12.418862010323956 14.418225027691811 14.950400393706225 92.35829937392262 45.885144704516094 48.943740998364795 13.978244422874877 9.147628819478511 89.46636041209455 84.26481321113721 88.93641136419546 78.10530875680523 
80.2669886441256 91.09478319737265 10.973152111814457 88.45055542574977 20.095936451893266 16.091076814765543 48.32334127198876 53.358555100984255 11.27082531821432 10.759933059380412 14.950400393706225 92.41248316813588 45.941910783087565 49.00783207258615 13.292315676258307 14.517637612795859 89.46636041209455 98.04734457200513 95.33739463758702 30.658806611318283 
80.2669886441256 92.22764969284536 12.660919465559033 86.16017325204761 18.222917006718838 16.091888101917018 47.987470816061624 56.431384995717345 12.494578484387711 14.461990845198429 14.950400393706225 93.25425350736411 45.52389763493344 49.006872760550294 13.887205094577949 11.32906813648657 88.14370109129453 84.26481321113721 93.22437291636112 78.10657799790917 
80.2669886441256 92.22616439511546 10.973152111814457 88.690322006634 17.144969843954613 16.046611480768128 47.05688805961692 56.431384995717345 12.494578484387711 10.67881381383554 14.950400393706225 92.31973291099648 45.84059990388223 49.83243423732549 11.81838884254291 8.97824883194975 89.46636041209455 84.26481321113721 90.78885367022356 78.01939760429654 
80.2669886441256 91.09562954726991 10.973152111814457 85.86199676173358 18.222917006718838 18.359100175985706 48.287262029444115 56.431384995717345 12.494578484387711 14.418225027691811 14.950400393706225 92.35829937392262 50.40480896593308 49.00783207258615 13.887205094577949 9.147628819478511 91.3012068349534 84.26481321113721 88.9884402776376 78.10530875680523 
80.2669886441256 92.2268033429481 10.973152111814457 85.86199676173358 18.222917006718838 40.403350023162865 48.287262029444115 56.431384995717345 12.494578484387711 10.888445362503257 14.950400393706225 92.35829937392262 34.60622762755366 49.00783207258615 13.323554968212918 14.517637612795859 89.46636041209455 84.26481321113721 88.93797356160083 78.01672652879341 
80.2669886441256 91.08903116759862 12.385283466631442 85.85605016699273 18.222917006718838 16.09291517293365 48.287262029444115 56.431384995717345 12.475260449720857 10.760057572181065 14.950400393706225 92.35829937392262 34.15379247825875 49.00783207258615 13.323554968212918 14.790923988628037 89.46636041209455 84.26481321113721 88.99164119108484 78.01672652879341 
80.2669886441256 92.16557537119051 10.973152111814457 85.86199676173358 2.3810418636443025 43.3056448348239 48.287262029444115 56.431384995717345 12.494578484387711 14.005081108750707 14.176415470236918 92.35829937392262 34.12332973550023 49.00783207258615 4.881244028610251 14.517637612795859 89.46636041209455 84.26481321113721 88.99000247504294 78.01508631665483 
80.56868126486596 92.21226704687469 10.973152111814457 85.86199676173358 18.222917006718838 14.93925415996981 48.306640973379444 56.431384995717345 12.494578484387711 11.046974354959902 16.40221876714691 92.35829937392262 46.18722849649546 49.00783207258615 13.297854100883066 14.42138148595941 89.46636041209455 84.26481321113721 84.83758945524131 78.97800422492445 
80.2669886441256 92.25731561060765 10.947955965599965 85.86199676173358 13.91031655813735 16.09183254668726 48.288870544091594 56.429635574704974 12.494255748882425 16.059451708946536 14.992708254214028 94.33943800644681 45.82792063740801 49.01737599713452 12.921868591814244 8.997155035399938 89.45081789251721 84.26481321113721 88.93641136419546 78.02073498394303 
80.2669886441256 91.09478319737265 10.973152111814457 85.86199676173358 18.222917006718838 42.67056208198689 48.287262029444115 56.431384995717345 12.494578484387711 10.888445362503257 14.950400393706225 95.5928470316664 34.51337273641691 49.00783207258615 13.323554968212918 14.517637612795859 89.46636041209455 84.26481321113721 88.99000247504294 78.01672652879341 
80.31750744505901 92.18887490612676 12.660919465559033 85.86191993775661 18.21611687444543 41.1152289429383 47.013172653308835 55.330280192914316 12.521440808834326 14.418225027691811 15.3755111512025 92.35829937392262 33.77163277299429 49.00494677350951 13.887205094577949 14.741145802326935 89.47129333698912 84.26196621364646 88.78946764311686 78.10585023288367 
80.2672536588971 92.22764969284536 12.660919465559033 85.86682734505825 18.222917006718838 21.63194484109742 47.0289984885519 52.41672212858874 8.617107302695688 14.418225027691811 14.925281940164483 92.35829937392262 45.947179669945164 49.00248480089383 13.887205094577949 11.270298742544908 89.46636041209455 84.26481321113721 90.94303302166131 78.10657799790917 
80.3172993164097 92.22618448685772 12.54198809816698 85.83268132499573 18.222917006718838 16.09106505798379 48.25934947327728 56.41377196728847 12.28237507076361 10.722579631342155 14.950400393706225 92.2753576542174 40.81387165249705 49.00784122807575 13.292135164676639 9.01622460910108 89.46636041209455 83.79130383554806 90.9906066665711 78.10657863151303 
80.26796971706074 92.22764969284536 11.09208347920651 86.79097841869209 18.222917006718838 21.63194484109742 47.05691104471873 52.43481243400602 8.829310716319789 14.418225027691811 14.925281940164483 92.35829937392262 45.87142296876767 49.00247564540423 13.887205094577949 11.270298742544908 89.46636041209455 84.23623100926142 90.94303302166131 78.10858245163917 
80.2669886441256 92.22616439511546 12.370264232274652 88.690322006634 18.222917006718838 16.093277471869598 48.287262029444115 56.431384995717345 12.513764465987839 10.722702312366346 14.950400393706225 93.11955265139802 45.52304756196617 49.00783207258615 13.292645891291444 9.01622460910108 89.46636041209455 95.16711763288183 88.99030135807186 78.01939760429654 
80.26579375367133 92.22764969284536 10.973152111814457 85.86180717877617 18.222917006718838 16.047894780051273 48.274033631148974 55.36959771105362 12.494578484387711 10.838750597779232 14.950400393706225 92.34396685438722 45.77667686459807 48.943740998364795 13.887205094577949 7.478102193581206 89.46636041209455 83.93689618615976 88.93641136419546 78.10529324648947 
80.2669886441256 92.18889416358691 10.973152111814457 85.84801376705768 32.56417411434994 16.090951659659545 48.274810315689344 56.431384995717345 8.65813482246522 14.443846197336818 23.946498771679586 92.35799742332682 33.559919960226324 49.83147492528964 11.81838884254291 9.067535357928167 89.46636041209455 84.26192561440249 90.78649665296767 78.1039868874745 
80.319294475654 92.22616439511546 12.667096358746559 88.69052870022156 17.12610247472579 16.032521044334253 47.0569240464494 56.431384995717345 12.057151247599126 10.67881381383554 14.945964532109514 92.31973291099648 45.840769922529304 47.47754248259731 13.778880837064342 14.861589885188588 89.46636041209455 84.26481321113721 90.98642977367876 78.01939760429654 
80.26546662830211 92.22614513765531 10.966975218626931 88.70421106670281 18.234984243674255 42.564074136491456 47.00756124396879 55.330280192914316 12.51465117215713 14.418225027691811 15.35482855925747 93.23032151456917 45.87274044075819 49.81723646832989 11.926713100056517 8.876627165620794 89.47129333698912 84.2648538103812 90.77788052684153 78.10585023288367 
80.26794061983703 92.22762960110312 12.660919465559033 88.72329860967048 18.21617868452411 13.48305374204075 47.013331492512094 56.38317665914279 8.643969627142301 14.124188153064843 14.950400393706225 93.20249437110326 45.469876990796394 49.00793845256208 13.887205094577949 11.357790488132665 89.00765665518423 84.25816666939866 88.78727776727544 78.01648158712027 
80.93534829215531 91.08903116759862 10.970453053031639 85.85605016699273 18.222917006718838 43.74676568113591 48.287262029444115 56.431384995717345 12.475260449720857 14.402630232510049 14.950400393706225 92.35829937392262 34.15379247825875 49.00783207258615 13.298344605533115 14.790923988628037 89.46636041209455 84.26481321113721 88.99000583513022 78.01670346774213 
80.2669886441256 92.2134523246331 12.38798252541426 85.86199676173358 18.222917006718838 14.531651243477015 48.306640973379444 56.431384995717345 12.494578484387711 10.779157795350734 14.950400393706225 92.35829937392262 34.482509277882635 49.00783207258615 13.323064463562867 14.42138148595941 89.46636041209455 84.26481321113721 88.99163783099756 78.01513150582889 
80.2669886441256 92.2134523246331 10.973152111814457 85.86199676173358 18.222917006718838 42.67056208198689 48.306640973379444 56.431384995717345 12.494578484387711 10.888445362503257 14.950400393706225 93.18336516767023 34.51337273641691 49.00783207258615 13.30427583258431 14.517637612795859 89.46636041209455 84.26481321113721 88.99000247504294 78.01510844477761 
80.31896735028478 92.22764969284536 12.660919465559033 86.80438339876991 18.21617868452411 16.091888101917018 47.007542996684485 56.38365393613119 16.635580526010976 14.418225027691811 14.950400393706225 92.35829937392262 40.68494438014976 49.00783207258615 13.887205094577949 11.357790488132665 88.97060291968444 83.75607509193371 90.88952532165503 78.10657799790917 
84.91626690440962 92.22010566314465 10.973152111814457 88.690322006634 18.222917006718838 11.101750691526892 48.287262029444115 56.431384995717345 9.52204737368838 10.941265116302478 14.950400393706225 93.11955265139802 45.50678123854714 49.01841609242098 11.74752958977779 9.01622460910108 89.46636041209455 84.26481321113721 88.98954444433198 78.01939760429654 
80.2669886441256 92.22765156302127 10.973152111814457 85.87237566360771 18.215688523097654 16.091888101917018 48.287262029444115 56.628096042176495 12.494578484387711 14.418225027691811 14.950400393706225 92.26755218234582 39.41057857453911 48.94349493471576 13.887205094577949 9.14762838889002 89.46286082376011 84.26481321113721 88.93641136419546 78.10533233946181 
82.86487763954608 92.30631040149834 10.973152111814457 85.86199676173358 18.222917006718838 16.09177794915874 48.287262029444115 56.44584460201867 12.494578484387711 10.760057572181065 14.950400393706225 92.35829937392262 34.535901479679595 49.00783207258615 13.323554968212918 14.517637612795859 89.46636041209455 84.26481321113721 88.99000247504294 78.01795746087014 
80.2669886441256 92.22764969284536 10.973152111814457 85.86199676173358 18.222917006718838 16.08023185477119 48.287262029444115 56.431384995717345 12.494578484387711 14.418225027691811 14.950400393706225 92.35829937392262 45.79682037024224 48.943740998364795 13.887205094577949 9.147628819478511 89.46636041209455 84.26481321113721 88.93784694792912 78.10530875680523 
80.2669886441256 91.09562954726991 10.973152111814457 85.86199676173358 18.222917006718838 18.370756423131535 48.287262029444115 56.431384995717345 12.494578484387711 14.418225027691811 14.950400393706225 92.35829937392262 50.47460641923178 49.00783207258615 13.887205094577949 9.147628819478511 91.3012068349534 84.26481321113721 88.98700469390396 78.10530875680523 
80.27233591819994 92.21026280203306 10.973152111814457 85.86199676173358 18.222917006718838 14.851713155204626 48.30711538458987 56.431384995717345 12.494578484387711 11.062835601722979 14.241667525307596 92.35829937392262 46.187486203552865 49.00783207258615 5.348647020351399 14.517637612795859 89.46636041209455 84.26481321113721 88.99000247504294 78.01672652879341 
80.56333399079163 92.16639433827375 10.973152111814457 85.86199676173358 18.222917006718838 16.146938412984685 48.286787618233696 56.431384995717345 12.494578484387711 10.614463761267812 16.377791710931216 92.35829937392262 45.82779124705564 49.00783207258615 12.830451117586719 14.42138148595941 89.46636041209455 84.26481321113721 84.83758945524131 78.97800422492445 
80.32068710633895 92.22764969284536 9.882475227700219 86.80438339876991 18.21617868452411 45.240445323611794 47.007542996684485 56.38365393613119 8.643969627142301 14.828568553032307 15.75647257972811 95.31717894004838 40.98478745800825 49.006896971232116 13.887205094577949 8.718740074323911 86.27065633876109 83.74609756897216 88.7010001219893 78.1052948766828 
80.2669886441256 92.25731561060765 10.943541497701831 85.86199676173358 18.017405246520763 16.09154072118665 48.020438320715165 56.37888331933973 12.494814141458466 14.259694879015134 14.949896310027563 94.33943800644681 45.87346945393696 49.81201371394828 12.921868591814244 8.997155035399938 89.46636041209455 84.26481321113721 88.76563937693383 77.85735616086676 
80.73550154795718 92.22738429341577 10.947955965599965 85.86199676173358 32.60508894858464 16.091888101917018 48.287262029444115 51.85554256734582 12.487759622654412 10.828282796833168 14.950535080509106 94.24447471135866 45.9429245974212 48.98174403752856 12.921868591814244 9.160752140515031 89.46636041209455 98.08899896917964 88.93641136419546 77.68084763463888 
80.2669886441256 91.09478319737265 10.973152111814457 88.45055542574977 20.095936451893266 16.091076814765543 48.32334127198876 53.358555100984255 11.27082531821432 14.334258534961648 14.95273649925418 92.50744646322403 45.8656040092073 49.81976698068675 13.292315676258307 14.517637612795859 89.46636041209455 84.22204177439116 95.33739463758702 31.083267144756913 
80.2669886441256 92.14643850595276 12.582505738099442 85.86199676173358 18.22273003682078 42.67056208198689 48.23769517984002 56.431384995717345 12.494578484387711 14.394953790438969 14.954861776588029 92.35829937392262 34.54265880402435 49.00786082008275 13.323554968212918 14.509349461572244 89.4714771224668 84.26481321113721 88.99000247504294 78.10736494967077 
80.2669886441256 92.22764969284536 10.973152111814457 88.72693410810803 18.222917006718838 16.091888101917018 48.287262029444115 56.431384995717345 12.371787565227256 10.890512025940808 14.950400393706225 92.00019928110927 45.86661782354094 48.94401436121541 13.796743545614621 9.147628819478511 89.46636041209455 81.37946907654862 88.93641136419546 78.10530875680523 
84.91626690440962 92.22010566314465 10.973152111814457 90.93092515281434 18.222917006718838 11.101750691526892 48.287262029444115 56.431384995717345 9.644838292848833 14.468978118053482 14.950400393706225 92.37074579114054 45.50678123854714 49.01814272957037 11.837991138741117 8.76250506787191 89.46636041209455 83.5382128682481 88.98954444433198 78.01939760429654 
80.50087563772523 92.22764969284536 14.353334381470166 85.86199676173358 18.222917006718838 16.091888101917018 48.28709939167329 55.073565966278565 12.494578484387711 14.418225027691811 14.950400393706225 92.35829937392262 45.86222665634664 49.00809930221487 13.887205094577949 9.081793612432705 89.46636041209455 84.26481321113721 88.93641136419546 78.10530875680523 
80.2669886441256 92.16010742402524 10.973152111814457 85.86199676173358 2.3810418636443025 43.3056448348239 48.287262029444115 56.431384995717345 12.494578484387711 13.898024195535893 14.176415470236918 92.35382780453004 34.12332973550023 49.00806999116049 4.881244028610251 8.966168300882114 89.45044622135467 84.26481321113721 88.99000247504294 78.01505481084301 
